(1487,6025) (1679,5875)
(1679,5875) (1884,5725)
(1884,5725) (2095,5575)
(2095,5575) (2292,5425)
(2292,5425) (2483,5225)
(2483,5225) (2693,5075)
(2693,5075) (2915,4925)
(2915,4925) (3127,4775)
(3127,4775) (3348,4575)
(3348,4575) (3538,4425)
(3538,4425) (3741,4275)
(3741,4275) (3936,4125)
(3936,4125) (4164,3925)
(4164,3925) (4366,3775)
(4366,3775) (4580,3625)
(4580,3625) (4785,3425)
(4785,3425) (5006,3275)
(5006,3275) (5199,3125)
(5199,3125) (5408,2975)
(5408,2975) (5610,2775)
(5610,2775) (5826,2625)
(5826,2625) (6046,2475)
(6046,2475) (6250,2375)
(6250,2375) (6476,2275)
(6476,2275) (6704,2175)
(6704,2175) (6935,2025)
(6935,2025) (7160,1925)
(7160,1925) (7390,1825)
(7390,1825) (7616,1725)
(7616,1725) (7838,1625)
(7838,1625) (8063,1675)
(8063,1675) (8307,1725)
(8307,1725) (8564,1775)
(8564,1775) (8804,1825)
(8804,1825) (9043,1925)
(9043,1925) (9288,1975)
(9288,1975) (9529,1975)
(9529,1975) (9770,1975)
(9770,1975) (10011,1975)
(10011,1975) (10250,1925)
(10250,1925) (10489,1925)
(10489,1925) (10727,1925)
(10727,1925) (10977,1975)
(10977,1975) (11229,2025)
(11229,2025) (11488,2125)
(11488,2125) (11739,2175)
(11739,2175) (12010,2325)
(12010,2325) (12322,2625)
(12322,2625) (12618,2875)
(12618,2875) (12898,2975)
(12898,2975) (13144,3025)
(13144,3025) (13413,3125)
(13413,3125) (13671,3175)
(13671,3175) (14369,6625)
(14369,6625) (14185,6875)
(14185,6875) (13969,6975)
(13969,6975) (14185,6875)
(14185,6875) (13413,3125)
(13413,3125) (13144,3025)
(13144,3025) (13969,6975)
(13969,6975) (14406,9025)
(14406,9025) (14152,9125)
(14152,9125) (13964,9225)
(13964,9225) (14152,9125)
(14152,9125) (12898,2975)
(12898,2975) (12618,2875)
(12618,2875) (13964,9225)
(13964,9225) (13750,9325)
(13750,9325) (13525,9425)
(13525,9425) (13750,9325)
(13750,9325) (12322,2625)
(12322,2625) (12010,2325)
(12010,2325) (13525,9425)
(13525,9425) (13302,9475)
(13302,9475) (13094,9625)
(13094,9625) (13302,9475)
(13302,9475) (11739,2175)
(11739,2175) (11488,2125)
(11488,2125) (13094,9625)
(13094,9625) (12872,9725)
(12872,9725) (12647,9825)
(12647,9825) (12872,9725)
(12872,9725) (11229,2025)
(11229,2025) (10977,1975)
(10977,1975) (12647,9825)
(12647,9825) (12426,9925)
(12426,9925) (12186,10025)
(12186,10025) (12426,9925)
(12426,9925) (10727,1925)
(10727,1925) (10489,1925)
(10489,1925) (12186,10025)
(12186,10025) (11988,10125)
(11988,10125) (11778,10225)
(11778,10225) (11988,10125)
(11988,10125) (10250,1925)
(10250,1925) (10011,1975)
(10011,1975) (11778,10225)
(11778,10225) (11544,10325)
(11544,10325) (11319,10425)
(11319,10425) (11544,10325)
(11544,10325) (9770,1975)
(9770,1975) (9529,1975)
(9529,1975) (11319,10425)
(11319,10425) (11073,10525)
(11073,10525) (10825,10625)
(10825,10625) (11073,10525)
(11073,10525) (9288,1975)
(9288,1975) (9043,1925)
(9043,1925) (10825,10625)
(10825,10625) (10601,10725)
(10601,10725) (10401,10825)
(10401,10825) (10601,10725)
(10601,10725) (8804,1825)
(8804,1825) (8564,1775)
(8564,1775) (10401,10825)
(10401,10825) (10175,10975)
(10175,10975) (9930,11075)
(9930,11075) (10175,10975)
(10175,10975) (8307,1725)
(8307,1725) (8063,1675)
(8063,1675) (9930,11075)
(9930,11075) (9688,11175)
(9688,11175) (9458,11275)
(9458,11275) (9688,11175)
(9688,11175) (7838,1625)
(7838,1625) (7616,1725)
(7616,1725) (9458,11275)
(9458,11275) (9238,11375)
(9238,11375) (9026,11475)
(9026,11475) (9238,11375)
(9238,11375) (7390,1825)
(7390,1825) (7160,1925)
(7160,1925) (9026,11475)
(9026,11475) (8817,11575)
(8817,11575) (8591,11675)
(8591,11675) (8817,11575)
(8817,11575) (6935,2025)
(6935,2025) (6704,2175)
(6704,2175) (8591,11675)
(8591,11675) (8358,11775)
(8358,11775) (8148,11875)
(8148,11875) (8358,11775)
(8358,11775) (6476,2275)
(6476,2275) (6250,2375)
(6250,2375) (8148,11875)
(8148,11875) (7961,11975)
(7961,11975) (7748,12075)
(7748,12075) (7961,11975)
(7961,11975) (6046,2475)
(6046,2475) (5826,2625)
(5826,2625) (7748,12075)
(7748,12075) (7528,12175)
(7528,12175) (7313,12275)
(7313,12275) (7528,12175)
(7528,12175) (5610,2775)
(5610,2775) (5408,2975)
(5408,2975) (7313,12275)
(7313,12275) (7105,12325)
(7105,12325) (6894,12475)
(6894,12475) (7105,12325)
(7105,12325) (5199,3125)
(5199,3125) (5006,3275)
(5006,3275) (6894,12475)
(6894,12475) (6695,12575)
(6695,12575) (6488,12625)
(6488,12625) (6695,12575)
(6695,12575) (4785,3425)
(4785,3425) (4580,3625)
(4580,3625) (6488,12625)
(6488,12625) (6287,12725)
(6287,12725) (6077,12825)
(6077,12825) (6287,12725)
(6287,12725) (4366,3775)
(4366,3775) (4164,3925)
(4164,3925) (6077,12825)
(6077,12825) (5858,12925)
(5858,12925) (5637,13025)
(5637,13025) (5407,13075)
(5407,13075) (4732,9825)
(4732,9825) (4965,9825)
(4965,9825) (4570,8175)
(4570,8175) (4965,9825)
(4965,9825) (5637,13025)
(5637,13025) (5858,12925)
(5858,12925) (3936,4125)
(3936,4125) (3741,4275)
(3741,4275) (4570,8175)
(4570,8175) (4317,8125)
(4317,8125) (4043,8025)
(4043,8025) (4317,8125)
(4317,8125) (3538,4425)
(3538,4425) (3348,4575)
(3348,4575) (4043,8025)
(4043,8025) (3788,7975)
(3788,7975) (3527,7875)
(3527,7875) (3788,7975)
(3788,7975) (3127,4775)
(3127,4775) (2915,4925)
(2915,4925) (3527,7875)
(3527,7875) (3265,7775)
(3265,7775) (3009,7725)
(3009,7725) (3265,7775)
(3265,7775) (2693,5075)
(2693,5075) (2483,5225)
(2483,5225) (3009,7725)
(3009,7725) (2796,7725)
(2796,7725) (2579,7675)
(2579,7675) (2796,7725)
(2796,7725) (2292,5425)
(2292,5425) (2095,5575)
(2095,5575) (2579,7675)
(2579,7675) (2334,7625)
(2334,7625) (2070,7525)
(2070,7525) (2334,7625)
(2334,7625) (1884,5725)
(1884,5725) (1679,5875)
(1679,5875) (2070,7525)
(2070,7525) (1787,7425)
(1787,7425) (1487,6025)
