(1458,6075) (1662,5875)
(1662,5875) (1859,5725)
(1859,5725) (2076,5575)
(2076,5575) (2288,5425)
(2288,5425) (2492,5275)
(2492,5275) (2675,5125)
(2675,5125) (2877,4925)
(2877,4925) (3119,4775)
(3119,4775) (3319,4625)
(3319,4625) (3513,4475)
(3513,4475) (3701,4275)
(3701,4275) (3910,4125)
(3910,4125) (4210,3875)
(4210,3875) (4340,3775)
(4340,3775) (4528,3625)
(4528,3625) (4759,3475)
(4759,3475) (6697,12575)
(6697,12575) (6909,12475)
(6909,12475) (4996,3425)
(4996,3425) (4966,3275)
(4966,3275) (4996,3425)
(4996,3425) (6909,12475)
(6909,12475) (7126,12375)
(7126,12375) (7314,12275)
(7314,12275) (7524,12175)
(7524,12175) (7751,12075)
(7751,12075) (7954,11975)
(7954,11975) (8146,11875)
(8146,11875) (8352,11775)
(8352,11775) (8599,11675)
(8599,11675) (8831,11575)
(8831,11575) (9022,11475)
(9022,11475) (9250,11375)
(9250,11375) (9476,11275)
(9476,11275) (9702,11175)
(9702,11175) (9941,11075)
(9941,11075) (10171,10925)
(10171,10925) (10393,10825)
(10393,10825) (10592,10725)
(10592,10725) (10833,10625)
(10833,10625) (11060,10525)
(11060,10525) (11309,10425)
(11309,10425) (11547,10325)
(11547,10325) (11764,10225)
(11764,10225) (11959,10125)
(11959,10125) (12176,10025)
(12176,10025) (12410,9925)
(12410,9925) (12635,9825)
(12635,9825) (12870,9725)
(12870,9725) (13082,9625)
(13082,9625) (13296,9525)
(13296,9525) (13534,9425)
(13534,9425) (13737,9275)
(13737,9275) (13955,9225)
(13955,9225) (14151,9125)
(14151,9125) (14394,9025)
(14394,9025) (13955,6975)
(13955,6975) (14190,6925)
(14190,6925) (14363,6625)
(14363,6625) (13636,3175)
(13636,3175) (13393,3125)
(13393,3125) (13131,3025)
(13131,3025) (13393,3125)
(13393,3125) (14190,6925)
(14190,6925) (13955,6975)
(13955,6975) (13131,3025)
(13131,3025) (12883,2975)
(12883,2975) (12608,2875)
(12608,2875) (12883,2975)
(12883,2975) (14151,9125)
(14151,9125) (13955,9225)
(13955,9225) (12608,2875)
(12608,2875) (12318,2625)
(12318,2625) (11968,2325)
(11968,2325) (12318,2625)
(12318,2625) (13737,9275)
(13737,9275) (13534,9425)
(13534,9425) (11968,2325)
(11968,2325) (11692,2175)
(11692,2175) (11448,2125)
(11448,2125) (11692,2175)
(11692,2175) (13296,9525)
(13296,9525) (13082,9625)
(13082,9625) (11448,2125)
(11448,2125) (11199,2025)
(11199,2025) (10969,1975)
(10969,1975) (11199,2025)
(11199,2025) (12870,9725)
(12870,9725) (12635,9825)
(12635,9825) (10969,1975)
(10969,1975) (10725,1925)
(10725,1925) (10477,1925)
(10477,1925) (10725,1925)
(10725,1925) (12410,9925)
(12410,9925) (12176,10025)
(12176,10025) (10477,1925)
(10477,1925) (10225,1925)
(10225,1925) (9984,1975)
(9984,1975) (10225,1925)
(10225,1925) (11959,10125)
(11959,10125) (11764,10225)
(11764,10225) (9984,1975)
(9984,1975) (9740,1975)
(9740,1975) (9496,1975)
(9496,1975) (9740,1975)
(9740,1975) (11547,10325)
(11547,10325) (11309,10425)
(11309,10425) (9496,1975)
(9496,1975) (9252,1975)
(9252,1975) (9008,1925)
(9008,1925) (9252,1975)
(9252,1975) (11060,10525)
(11060,10525) (10833,10625)
(10833,10625) (9008,1925)
(9008,1925) (8765,1825)
(8765,1825) (8528,1775)
(8528,1775) (8765,1825)
(8765,1825) (10592,10725)
(10592,10725) (10393,10825)
(10393,10825) (8528,1775)
(8528,1775) (8261,1725)
(8261,1725) (8008,1675)
(8008,1675) (8261,1725)
(8261,1725) (10171,10925)
(10171,10925) (9941,11075)
(9941,11075) (8008,1675)
(8008,1675) (7769,1625)
(7769,1625) (7588,1725)
(7588,1725) (7769,1625)
(7769,1625) (9702,11175)
(9702,11175) (9476,11275)
(9476,11275) (7588,1725)
(7588,1725) (7360,1825)
(7360,1825) (7138,1925)
(7138,1925) (7360,1825)
(7360,1825) (9250,11375)
(9250,11375) (9022,11475)
(9022,11475) (7138,1925)
(7138,1925) (6909,2075)
(6909,2075) (6667,2175)
(6667,2175) (6909,2075)
(6909,2075) (8831,11575)
(8831,11575) (8599,11675)
(8599,11675) (6667,2175)
(6667,2175) (6460,2275)
(6460,2275) (6233,2375)
(6233,2375) (6460,2275)
(6460,2275) (8352,11775)
(8352,11775) (8146,11875)
(8146,11875) (6233,2375)
(6233,2375) (6024,2475)
(6024,2475) (5797,2675)
(5797,2675) (6024,2475)
(6024,2475) (7954,11975)
(7954,11975) (7751,12075)
(7751,12075) (5797,2675)
(5797,2675) (5591,2825)
(5591,2825) (5379,2975)
(5379,2975) (5591,2825)
(5591,2825) (7524,12175)
(7524,12175) (7314,12275)
(7314,12275) (5379,2975)
(5379,2975) (5168,3125)
(5168,3125) (7126,12375)
(7126,12375) (6909,12475)
(6909,12475) (6697,12575)
(6697,12575) (6508,12625)
(6508,12625) (6297,12725)
(6297,12725) (6508,12625)
(6508,12625) (4528,3625)
(4528,3625) (4340,3775)
(4340,3775) (6297,12725)
(6297,12725) (6079,12825)
(6079,12825) (5864,12925)
(5864,12925) (6079,12825)
(6079,12825) (4210,3875)
(4210,3875) (4210,3875)
(4210,3875) (3910,4125)
(3910,4125) (5864,12925)
(5864,12925) (5637,13025)
(5637,13025) (4962,9825)
(4962,9825) (5637,13025)
(5637,13025) (5398,13075)
(5398,13075) (4725,9825)
(4725,9825) (4962,9825)
(4962,9825) (4567,8175)
(4567,8175) (4321,8125)
(4321,8125) (4567,8175)
(4567,8175) (3701,4275)
(3701,4275) (3513,4475)
(3513,4475) (4321,8125)
(4321,8125) (4044,8025)
(4044,8025) (3791,7975)
(3791,7975) (4044,8025)
(4044,8025) (3319,4625)
(3319,4625) (3119,4775)
(3119,4775) (3791,7975)
(3791,7975) (3540,7925)
(3540,7925) (3309,7825)
(3309,7825) (3540,7925)
(3540,7925) (2877,4925)
(2877,4925) (2675,5125)
(2675,5125) (3309,7825)
(3309,7825) (3050,7725)
(3050,7725) (2813,7725)
(2813,7725) (3050,7725)
(3050,7725) (2492,5275)
(2492,5275) (2288,5425)
(2288,5425) (2813,7725)
(2813,7725) (2567,7675)
(2567,7675) (2324,7625)
(2324,7625) (2567,7675)
(2567,7675) (2076,5575)
(2076,5575) (1859,5725)
(1859,5725) (2324,7625)
(2324,7625) (2073,7525)
(2073,7525) (1662,5875)
(1662,5875) (2073,7525)
(2073,7525) (1781,7425)
(1781,7425) (1458,6075)
