(1665,5203) (1851,5053)
(1851,5053) (2055,4903)
(2055,4903) (2262,4753)
(2262,4753) (2458,4603)
(2458,4603) (2671,4403)
(2671,4403) (2870,4253)
(2870,4253) (3083,4103)
(3083,4103) (3314,3903)
(3314,3903) (3498,3753)
(3498,3753) (3711,3603)
(3711,3603) (3923,3453)
(3923,3453) (4137,3253)
(4137,3253) (4359,3103)
(4359,3103) (4589,2953)
(4589,2953) (4779,2753)
(4779,2753) (5012,2603)
(5012,2603) (5202,2453)
(5202,2453) (5422,2253)
(5422,2253) (5645,2103)
(5645,2103) (5864,1903)
(5864,1903) (6076,1753)
(6076,1753) (6301,1603)
(6301,1603) (6518,1503)
(6518,1503) (6691,1403)
(6691,1403) (6936,1303)
(6936,1303) (7205,1153)
(7205,1153) (7411,1053)
(7411,1053) (7647,903)
(7647,903) (7857,803)
(7857,803) (8094,753)
(8094,753) (8347,803)
(8347,803) (8607,853)
(8607,853) (8854,903)
(8854,903) (9104,953)
(9104,953) (9364,1003)
(9364,1003) (9736,1153)
(9736,1153) (10086,1353)
(10086,1353) (10346,1353)
(10346,1353) (10586,1303)
(10586,1303) (10832,1353)
(10832,1353) (11079,1403)
(11079,1403) (11332,1403)
(11332,1403) (11605,1453)
(11605,1453) (11855,1553)
(11855,1553) (12141,1753)
(12141,1753) (12453,2003)
(12453,2003) (12721,2253)
(12721,2253) (13041,2453)
(13041,2453) (13347,2553)
(13347,2553) (14168,6353)
(14168,6353) (14551,8453)
(14551,8453) (14346,8553)
(14346,8553) (14125,8653)
(14125,8653) (14346,8553)
(14346,8553) (13041,2453)
(13041,2453) (12721,2253)
(12721,2253) (14125,8653)
(14125,8653) (13900,8753)
(13900,8753) (13680,8853)
(13680,8853) (13900,8753)
(13900,8753) (12453,2003)
(12453,2003) (12141,1753)
(12141,1753) (13680,8853)
(13680,8853) (13437,8953)
(13437,8953) (13206,9053)
(13206,9053) (13437,8953)
(13437,8953) (11855,1553)
(11855,1553) (11605,1453)
(11605,1453) (13206,9053)
(13206,9053) (12957,9153)
(12957,9153) (12722,9253)
(12722,9253) (12957,9153)
(12957,9153) (11332,1403)
(11332,1403) (11079,1403)
(11079,1403) (12722,9253)
(12722,9253) (12491,9403)
(12491,9403) (12237,9503)
(12237,9503) (12491,9403)
(12491,9403) (10832,1353)
(10832,1353) (10586,1303)
(10586,1303) (12237,9503)
(12237,9503) (11974,9603)
(11974,9603) (11747,9703)
(11747,9703) (11974,9603)
(11974,9603) (10346,1353)
(10346,1353) (10086,1353)
(10086,1353) (11747,9703)
(11747,9703) (11518,9803)
(11518,9803) (11312,9903)
(11312,9903) (11518,9803)
(11518,9803) (9736,1153)
(9736,1153) (9364,1003)
(9364,1003) (11312,9903)
(11312,9903) (11065,10003)
(11065,10003) (10827,10103)
(10827,10103) (11065,10003)
(11065,10003) (9104,953)
(9104,953) (8854,903)
(8854,903) (10827,10103)
(10827,10103) (10623,10203)
(10623,10203) (10373,10303)
(10373,10303) (10623,10203)
(10623,10203) (8607,853)
(8607,853) (8347,803)
(8347,803) (10373,10303)
(10373,10303) (10105,10453)
(10105,10453) (9857,10553)
(9857,10553) (10105,10453)
(10105,10453) (8094,753)
(8094,753) (7857,803)
(7857,803) (9857,10553)
(9857,10553) (9638,10653)
(9638,10653) (9411,10753)
(9411,10753) (9638,10653)
(9638,10653) (7647,903)
(7647,903) (7411,1053)
(7411,1053) (9411,10753)
(9411,10753) (9185,10853)
(9185,10853) (8964,10953)
(8964,10953) (9185,10853)
(9185,10853) (7205,1153)
(7205,1153) (6936,1303)
(6936,1303) (8964,10953)
(8964,10953) (8729,11053)
(8729,11053) (8498,11153)
(8498,11153) (8729,11053)
(8729,11053) (6691,1403)
(6691,1403) (6518,1503)
(6518,1503) (8498,11153)
(8498,11153) (8271,11253)
(8271,11253) (8074,11353)
(8074,11353) (8271,11253)
(8271,11253) (6301,1603)
(6301,1603) (6076,1753)
(6076,1753) (8074,11353)
(8074,11353) (7858,11453)
(7858,11453) (7627,11553)
(7627,11553) (7858,11453)
(7858,11453) (5864,1903)
(5864,1903) (5645,2103)
(5645,2103) (7627,11553)
(7627,11553) (7426,11653)
(7426,11653) (7210,11703)
(7210,11703) (7426,11653)
(7426,11653) (5422,2253)
(5422,2253) (5202,2453)
(5202,2453) (7210,11703)
(7210,11703) (6982,11803)
(6982,11803) (6769,11903)
(6769,11903) (6982,11803)
(6982,11803) (5012,2603)
(5012,2603) (4779,2753)
(4779,2753) (6769,11903)
(6769,11903) (6564,12003)
(6564,12003) (6356,12103)
(6356,12103) (6564,12003)
(6564,12003) (4589,2953)
(4589,2953) (4359,3103)
(4359,3103) (6356,12103)
(6356,12103) (6133,12203)
(6133,12203) (5918,12303)
(5918,12303) (6133,12203)
(6133,12203) (4137,3253)
(4137,3253) (3923,3453)
(3923,3453) (5918,12303)
(5918,12303) (5689,12403)
(5689,12403) (5046,9203)
(5046,9203) (4815,9253)
(4815,9253) (5441,12403)
(5441,12403) (4815,9253)
(4815,9253) (5046,9203)
(5046,9203) (4601,7353)
(4601,7353) (4331,7353)
(4331,7353) (4601,7353)
(4601,7353) (3711,3603)
(3711,3603) (3498,3753)
(3498,3753) (4331,7353)
(4331,7353) (4057,7303)
(4057,7303) (3806,7253)
(3806,7253) (4057,7303)
(4057,7303) (3314,3903)
(3314,3903) (3083,4103)
(3083,4103) (3806,7253)
(3806,7253) (3548,7153)
(3548,7153) (3293,7103)
(3293,7103) (3548,7153)
(3548,7153) (2870,4253)
(2870,4253) (2671,4403)
(2671,4403) (3293,7103)
(3293,7103) (3026,6953)
(3026,6953) (2787,6953)
(2787,6953) (3026,6953)
(3026,6953) (2458,4603)
(2458,4603) (2262,4753)
(2262,4753) (2787,6953)
(2787,6953) (2543,6953)
(2543,6953) (2293,6903)
(2293,6903) (2543,6953)
(2543,6953) (2055,4903)
(2055,4903) (1851,5053)
(1851,5053) (2293,6903)
(2293,6903) (2023,6803)
(2023,6803) (1665,5203)
